loose-equal
6178.74 6178.74 0
407.34 150.2 257.14
4302 449.46 3852.54
4491.59 3483.64 1007.95
1592.19 45.58 1546.61
5194.29 497.64 4696.65
11203.3 3857.05 7346.21
3378.02 48.29 3329.73
15220 773.22 14446.8
3850.69 3850.69 0
660.65 522.69 137.96
2051.49 1089.72 961.77
9546.98 9522.39 24.59
1051.85 564.69 487.16
5207.95 1080.7 4127.25
4231.99 2830.6 1401.39
4258.86 435.99 3822.87
12873 1529.16 11343.8
loose-tard
2234.27 2234.27 0
536.99 52.11 484.88
903.12 903.12 0
2528.75 2528.75 0
1013.02 37.52 975.5
2628.71 307.86 2320.85
9330.86 483.7 8847.16
2114.42 206.56 1907.86
5406 429.95 4976.05
1034.51 1031.85 2.66
297.24 160.87 136.37
1097.93 114.09 983.84
3198.87 527.78 2671.09
615.45 365.01 250.44
1271.19 1271.19 0
3857.36 3405.55 451.81
1438.61 103.13 1335.48
5116.44 148.55 4967.89
tight-equal
5052.74 773.53 4279.21
830.87 317.2 513.67
1580.55 1387.07 193.48
11590.9 92.55 11498.4
5198.51 292.31 4906.2
2622.34 529.35 2092.99
13010.1 682.63 12327.5
2514.63 20.03 2494.6
4897.83 2768.26 2129.57
5937.84 5824.99 112.85
607.17 21.46 585.71
1074.33 116.41 957.92
12618.1 1790.37 10827.8
1793.07 11.74 1781.33
3967.08 202.85 3764.23
11555.9 7690.77 3865.14
1377.5 106.88 1270.62
10118.2 35.4 10082.8
tight-tard
1698.67 903.14 795.53
286.28 79.07 207.21
726.62 725 1.62
2576.84 2576.84 0
1538.13 131.64 1406.49
2473.71 112.53 2361.18
8883.98 599.92 8284.06
2963.34 146.44 2816.9
5388.71 76.34 5312.37
2660.26 2252.72 407.54
299.32 221.44 77.88
725.47 122.46 603.01
4243.83 633.88 3609.95
1321.84 11.09 1310.75
1461.2 437.37 1023.83
7959.49 2414.01 5545.48
2014.06 427.89 1586.17
3008.19 878.62 2129.57