test1_10x10.txt
6178.74 6178.74 0
test1_10x2.txt
407.34 150.2 257.14
test1_10x5.txt
4302 449.46 3852.54
test1_15x10.txt
4491.59 3483.64 1007.95
test1_15x2.txt
1592.19 45.58 1546.61
test1_15x5.txt
5194.29 497.64 4696.65
test1_20x10.txt
11203.3 3857.05 7346.21
test1_20x2.txt
3378.02 48.29 3329.73
test1_20x5.txt
15220 773.22 14446.8
test2_10x10.txt
3850.69 3850.69 0
test2_10x2.txt
660.65 522.69 137.96
test2_10x5.txt
2051.49 1089.72 961.77
test2_15x10.txt
9546.98 9522.39 24.59
test2_15x2.txt
1051.85 564.69 487.16
test2_15x5.txt
5207.95 1080.7 4127.25
test2_20x10.txt
4231.99 2830.6 1401.39
test2_20x2.txt
4258.86 435.99 3822.87
test2_20x5.txt
12873 1529.16 11343.8
