path lowerB makes penaltys earlPenaltys tarPenaltys
l t 1 10 10 401 449 2234.27 2234.27 0
l t 1 10 2 291 291 536.99 52.11 484.88
l t 1 10 5 223 242 903.12 903.12 0
l t 1 15 10 234 234 2528.75 2528.75 0
l t 1 15 2 364 364 1013.02 37.52 975.5
l t 1 15 5 555 555 2628.71 307.86 2320.85
l t 1 20 10 603 613 9330.86 483.7 8847.16
l t 1 20 2 514 514 2114.42 206.56 1907.86
l t 1 20 5 622 622 5406 429.95 4976.05
l t 2 10 10 208 245 1034.51 1031.85 2.66
l t 2 10 2 280 280 297.24 160.87 136.37
l t 2 10 5 223 242 1097.93 114.09 983.84
l t 2 15 10 450 450 3198.87 527.78 2671.09
l t 2 15 2 364 364 615.45 365.01 250.44
l t 2 15 5 220 220 1271.19 1271.19 0
l t 2 20 10 543 543 3857.36 3405.55 451.81
l t 2 20 2 333 333 1438.61 103.13 1335.48
l t 2 20 5 495 495 5116.44 148.55 4967.89
