path lowerB makes penaltys earlPenaltys tarPenaltys
t t 1 10 10 348 393 1698.67 903.14 795.53
t t 1 10 2 181 181 286.28 79.07 207.21
t t 1 10 5 287 287 726.62 725 1.62
t t 1 15 10 207 220 2576.84 2576.84 0
t t 1 15 2 469 469 1538.13 131.64 1406.49
t t 1 15 5 318 318 2473.71 112.53 2361.18
t t 1 20 10 536 564 8883.98 599.92 8284.06
t t 1 20 2 625 625 2963.34 146.44 2816.9
t t 1 20 5 468 468 5388.71 76.34 5312.37
t t 2 10 10 571 629 2660.26 2252.72 407.54
t t 2 10 2 216 216 299.32 221.44 77.88
t t 2 10 5 287 287 725.47 122.46 603.01
t t 2 15 10 426 433 4243.83 633.88 3609.95
t t 2 15 2 379 379 1321.84 11.09 1310.75
t t 2 15 5 340 340 1461.2 437.37 1023.83
t t 2 20 10 752 752 7959.49 2414.01 5545.48
t t 2 20 2 735 735 2014.06 427.89 1586.17
t t 2 20 5 478 478 3008.19 878.62 2129.57
