path lowerB makes penaltys earlPenaltys tarPenaltys
t e 1 10 10 571 629 5052.74 773.53 4279.21
t e 1 10 2 355 355 830.87 317.2 513.67
t e 1 10 5 287 287 1580.55 1387.07 193.48
t e 1 15 10 670 677 11590.9 92.55 11498.4
t e 1 15 2 1308 1308 5198.51 292.31 4906.2
t e 1 15 5 340 340 2622.34 529.35 2092.99
t e 1 20 10 671 691 13010.1 682.63 12327.5
t e 1 20 2 481 481 2514.63 20.03 2494.6
t e 1 20 5 478 478 4897.83 2768.26 2129.57
t e 2 10 10 460 518 5937.84 5824.99 112.85
t e 2 10 2 181 181 607.17 21.46 585.71
t e 2 10 5 228 228 1074.33 116.41 957.92
t e 2 15 10 754 796 12618.1 1790.37 10827.8
t e 2 15 2 446 446 1793.07 11.74 1781.33
t e 2 15 5 507 507 3967.08 202.85 3764.23
t e 2 20 10 671 691 11555.9 7690.77 3865.14
t e 2 20 2 311 311 1377.5 106.88 1270.62
t e 2 20 5 834 834 10118.2 35.4 10082.8
