
10 20
0 0 20 329 5
1 0 2 405 8
2 0 10 379 7
3 0 23 188 2
4 0 33 73 1
5 0 19 426 9
6 0 46 237 3
7 0 31 284 4
8 0 13 60 0
9 0 4 358 6
0 1 28 493 7
1 1 22 123 0
2 1 10 158 1
3 1 38 224 3
4 1 4 168 2
5 1 46 270 4
6 1 38 391 5
7 1 55 528 8
8 1 68 583 9
9 1 35 435 6
0 2 37 220 5
1 2 54 457 8
2 2 6 152 2
3 2 1 211 4
4 2 43 600 9
5 2 37 316 6
6 2 21 74 0
7 2 34 95 1
8 2 60 353 7
9 2 10 159 3
0 3 26 637 9
1 3 2 309 5
2 3 36 181 1
3 3 4 324 6
4 3 29 272 4
5 3 34 122 0
6 3 19 218 2
7 3 36 583 8
8 3 8 251 3
9 3 65 511 7
0 4 34 279 4
1 4 5 391 6
2 4 36 493 8
3 4 3 262 3
4 4 27 433 7
5 4 28 529 9
6 4 32 359 5
7 4 28 67 0
8 4 41 128 1
9 4 42 169 2
0 5 1 114 1
1 5 2 115 2
2 5 36 343 6
3 5 22 117 3
4 5 17 151 4
5 5 18 64 0
6 5 28 313 5
7 5 27 387 7
8 5 17 414 8
9 5 111 641 9
0 6 58 393 7
1 6 17 227 3
2 6 39 627 9
3 6 12 212 2
4 6 47 301 5
5 6 40 82 0
6 6 8 351 6
7 6 15 244 4
8 6 54 451 8
9 6 25 134 1
0 7 42 451 6
1 7 42 511 7
2 7 71 556 8
3 7 59 706 9
4 7 9 230 3
5 7 18 0 0
6 7 41 131 2
7 7 25 259 5
8 7 42 18 1
9 7 8 245 4
0 8 69 521 8
1 8 15 152 2
2 8 38 114 1
3 8 20 168 3
4 8 42 348 5
5 8 36 390 6
6 8 7 590 9
7 8 37 190 4
8 8 18 73 0
9 8 9 426 7
0 9 47 590 9
1 9 51 244 4
2 9 36 295 5
3 9 38 358 7
4 9 48 505 8
5 9 33 167 2
6 9 18 200 3
7 9 20 44 1
8 9 12 6 0
9 9 16 342 6
0 10 30 152 4
1 10 6 146 3
2 10 12 331 7
3 10 45 551 9
4 10 5 141 2
5 10 10 47 0
6 10 7 124 1
7 10 73 455 8
8 10 53 198 5
9 10 33 281 6
0 11 81 663 9
1 11 49 66 2
2 11 13 168 3
3 11 22 529 7
4 11 38 192 4
5 11 6 58 0
6 11 20 429 6
7 11 2 64 1
8 11 50 294 5
9 11 65 576 8
0 12 22 257 3
1 12 32 655 9
2 12 21 71 1
3 12 51 596 8
4 12 40 393 5
5 12 3 239 2
6 12 38 33 0
7 12 43 344 4
8 12 10 433 6
9 12 41 470 7
0 13 36 116 1
1 13 21 167 2
2 13 22 92 0
3 13 52 265 5
4 13 47 553 7
5 13 7 600 8
6 13 8 472 6
7 13 100 619 9
8 13 10 188 3
9 13 25 211 4
0 14 38 182 4
1 14 42 24 2
2 14 27 263 5
3 14 38 407 7
4 14 3 390 6
5 14 17 472 9
6 14 23 449 8
7 14 47 135 3
8 14 6 0 0
9 14 13 11 1
0 15 7 322 4
1 15 4 422 7
2 15 67 426 8
3 15 59 647 9
4 15 33 239 2
5 15 39 200 1
6 15 30 283 3
7 15 6 129 0
8 15 9 344 5
9 15 60 362 6
0 16 135 744 9
1 16 39 188 2
2 16 5 290 5
3 16 7 317 6
4 16 41 32 0
5 16 25 245 4
6 16 10 341 7
7 16 41 414 8
8 16 9 176 1
9 16 9 236 3
0 17 10 349 6
1 17 22 359 7
2 17 27 529 9
3 17 84 445 8
4 17 35 106 0
5 17 11 156 1
6 17 15 172 2
7 17 11 227 3
8 17 35 259 4
9 17 28 314 5
0 18 34 359 5
1 18 31 426 7
2 18 40 223 3
3 18 11 396 6
4 18 45 460 8
5 18 29 18 0
6 18 6 505 9
7 18 29 315 4
8 18 3 185 2
9 18 41 93 1
0 19 9 313 7
1 19 102 553 8
2 19 93 666 9
3 19 29 139 2
4 19 15 172 3
5 19 1 57 0
6 19 13 187 4
7 19 6 238 5
8 19 37 91 1
9 19 28 253 6
